Calibrated camera 0
RMS: 0.154194
Intrinsics: [677.1341555285816, 0, 307.2656696167167;
 0, 696.5919723527132, 269.8663641004272;
 0, 0, 1]
Distortion coeff: [0.1898652325164402;
 -28.53642374514489;
 0.01362004016471882;
 0.03101910446748483;
 552.7114542295492]

Calibrated camera 1
RMS: 0.163007
Intrinsics: [619.3650243316408, 0, 315.9047975830864;
 0, 622.0816808508058, 234.6915856546636;
 0, 0, 1]
Distortion coeff: [0.09373810559488882;
 -3.942690398464721;
 -0.003443051064287793;
 0.008920530639783432;
 23.15796708918846]

Calibrated camera 2
RMS: 0.196199
Intrinsics: [567.7326228598383, 0, 294.0257795627726;
 0, 577.7705502197018, 238.8573379502735;
 0, 0, 1]
Distortion coeff: [0.505258432196907;
 -28.97908611111269;
 0.00624644880630219;
 -0.01658455707361513;
 391.0903821864908]

Calibrated camera 3
RMS: 0.223163
Intrinsics: [631.3512683546387, 0, 293.0312696664196;
 0, 654.5462461735193, 258.8251122918501;
 0, 0, 1]
Distortion coeff: [0.1067746337804431;
 -2.369925069780342;
 0.003658299547606908;
 -0.03432969787793213;
 10.7477957442323]

Calibration stack frame: 0
RMS: 0.13633
Rotations: 0.13633
[0.01413385768557535, -0.7574998020275385, 0.652682376041489;
 0.9998827256995366, 0.00685795597101875, -0.01369318398199554;
 0.005896517157535863, 0.652799370686078, 0.7575078961418628]
[0.05011526185171231, -0.968672821999315, 0.2432312160258578;
 0.9977934845636212, 0.0591795838922414, 0.03009882078633384;
 -0.04355023182396378, 0.2411861123079527, 0.969501230807808]
[0.1205034495866257, -0.9127170234903436, -0.3904184340789396;
 0.9846437049611546, 0.1599350438018909, -0.06998254099743748;
 0.1263158458709529, -0.3759899158155907, 0.9179737960785649]
[0.1611649825906832, -0.7656586814608318, -0.6227299831308952;
 0.9863531488154723, 0.1464821709122027, 0.0751694048576339;
 0.03366473241164147, -0.6263463555481971, 0.7788176479017048]
Translations: 0.13633
[-21.7292608637921;
 11.25229201667013;
 614.9569419569784]
[-40.93691796949302;
 -59.29028854527525;
 548.3574552625907]
[2.581128070934529;
 -27.34531137575011;
 597.7176631283356]
[96.79496975655329;
 -68.31644721963542;
 578.3987956318379]
Calibration stack frame: 1
RMS: 0.183093
Rotations: 0.183093
[0.05568586556323069, -0.8136908777934559, 0.5786244375864098;
 0.9980805268259849, 0.06109359621802504, -0.0101407333025581;
 -0.02709882556935811, 0.5780784790120319, 0.8155310697673619]
[0.07581000163900169, -0.98466233151948, 0.157139862982364;
 0.9942572008350319, 0.08658567277494891, 0.06289308274998399;
 -0.07553451025313812, 0.1514695156020875, 0.9855716734992372]
[0.1207897274183209, -0.8725751873089341, -0.4733100297299713;
 0.9858572206725008, 0.1612443264571887, -0.0456706430134218;
 0.1161696268311972, -0.4610995659053975, 0.8797112072286872]
[0.1473875969006363, -0.6998310008229779, -0.6989373838670847;
 0.9889061333533392, 0.1174711748538734, 0.09091304908866532;
 0.01848122550056996, -0.7045829215681854, 0.7093809631914555]
Translations: 0.183093
[-28.26302810126011;
 -1.541466253219296;
 591.1121576973718]
[-42.6235758111105;
 -75.84205275326033;
 529.3876453601226]
[9.264961037229758;
 -39.63056975335886;
 568.4420447066624]
[105.9818251743793;
 -83.60471710542367;
 558.1081212903554]
Calibration stack frame: 2
RMS: 0.189411
Rotations: 0.189411
[-0.07280409213141371, 0.7423718188296768, 0.6660207555147499;
 -0.9958128642069939, -0.01709180622788303, -0.08980317165741908;
 -0.05528384618298549, -0.6697700745534889, 0.7405077606506432]
[0.07760230079852676, -0.962712937773439, 0.2591557106343783;
 0.9967927820465675, 0.06982425388141122, -0.03909889039050199;
 0.01954565349736943, 0.2613587056394695, 0.9650438303081481]
[0.1068133120727266, -0.9240125499696439, -0.3671399240925059;
 0.9747896214081211, 0.1700710666804863, -0.1444334665968168;
 0.1958982142824853, -0.3424567706685886, 0.9188836976811458]
[0.1245734196294929, -0.7836508347074189, -0.6085826421975733;
 0.9871237867278844, 0.1599117716490414, -0.003854213806586348;
 0.100339886375341, -0.6002662697090601, 0.7934811356621865]
Translations: 0.189411
[-29.53847312766718;
 78.34333365238194;
 610.1952352977919]
[-4.92828440636329;
 -76.95545427608862;
 516.0414664906908]
[39.63273315286099;
 -47.37387940719565;
 577.1636321660532]
[129.9881458430177;
 -88.36599521446473;
 567.4750828581932]
Calibration stack frame: 3
RMS: 0.262967
Rotations: 0.262967
[0.07981098531954683, -0.7640281714228209, 0.6402274282586023;
 0.9958392867300342, 0.0327751070082174, -0.08502886195649595;
 0.04398092344801352, 0.6443498627553983, 0.7634650828556335]
[0.0834858696467676, -0.9619950363013731, 0.2599916531368702;
 0.9965088112499149, 0.0804512533820399, -0.02231109433757693;
 0.0005465076434708893, 0.2609466343158664, 0.965353072905772]
[0.07389157295756998, -0.884104221722759, -0.461410620356587;
 0.9719921501072608, 0.167350201158989, -0.1650005160655862;
 0.2230948129735874, -0.4362953532918271, 0.8717081329896146]
[0.09607093703556183, -0.7265606349222378, -0.6803528634749059;
 0.9898914792561382, 0.1413834861428844, -0.01120576379277494;
 0.1043323265014433, -0.672398954213553, 0.7327990256675541]
Translations: 0.262967
[-80.33916221765145;
 16.11187257246882;
 653.1227921283213]
[-106.6675230995062;
 -53.05885472934494;
 563.4369543347809]
[-55.21396766150581;
 -14.43748024114765;
 571.5970215952974]
[46.75499867048901;
 -58.02650179417426;
 548.660510218117]
Calibration stack frame: 4
RMS: 0.164537
Rotations: 0.164537
[0.8099939658964607, -0.03449650317600887, 0.5854227246015916;
 0.02779702638781395, 0.9994047804957868, 0.02043061541322486;
 -0.5857790543671894, -0.0002756642804869792, 0.810470741898735]
[0.9881438898581499, -0.002105197012725817, 0.1535161915940535;
 -0.01024204046311127, 0.9967747212090755, 0.07959431993378499;
 -0.1531886208017963, -0.08022295995603343, 0.9849352888148217]
[0.9080573407584515, 0.1038096842394906, -0.4057775441701857;
 -0.109700137060369, 0.9939258966263452, 0.008785894630142413;
 0.4042248703675048, 0.03653575609745821, 0.9139296431907442]
[0.747371676603088, 0.1515919476864466, -0.6468813325549894;
 -0.07853793452407928, 0.986954062029193, 0.1405470465174107;
 0.659747959339156, -0.0542361580562765, 0.7495272305307619]
Translations: 0.164537
[-75.06842294259766;
 14.97491097122349;
 627.8405376300094]
[-121.9375782689116;
 -51.94140464006164;
 525.9447742038112]
[-72.37652759214818;
 -8.919769719022844;
 504.5079212463369]
[37.5163804610809;
 -52.42639606464232;
 458.2848271885096]
Calibration stack frame: 5
RMS: 0.172271
Rotations: 0.172271
[0.7828975005183186, 0.06369020426922273, 0.6188821063516977;
 -0.05206860692582256, 0.9979639711120737, -0.03683439337120016;
 -0.6199680345428896, -0.003386774625630515, 0.7846197588020976]
[0.9767084176799719, 0.08215608974401355, 0.1982196855790543;
 -0.08672283108030197, 0.9961276257925634, 0.01445350138506615;
 -0.1962646616243051, -0.03130702877700617, 0.98005104588825]
[0.9085383917462836, 0.131350044819996, -0.3966171408913912;
 -0.1676065220790119, 0.9841455246231453, -0.05801413724956907;
 0.3827088246691658, 0.1191836905369991, 0.9161491163726168]
[0.7555566576208705, 0.151734982888977, -0.637268100639331;
 -0.1373797864262379, 0.9878736976178469, 0.07233499731336167;
 0.6405161445320953, 0.03289456676298742, 0.7672398686663875]
Translations: 0.172271
[-87.99185858716183;
 29.75002830444111;
 625.7227075064145]
[-128.2932220994198;
 -39.46905074558176;
 526.3682305311165]
[-76.0461792512469;
 2.621484807522716;
 511.8189211319196]
[34.22773981722804;
 -42.45932765682998;
 469.4706327856099]
