<?xml version="1.0"?><opencv_storage><CameraMatrix type_id="opencv-matrix"> <rows>3</rows> <cols>4</cols> <dt>d</dt> <data> 5.01152619e-02 -9.68672822e-01 2.43231216e-01 -4.09369180e+01 9.97793485e-01 5.91795839e-02 3.00988208e-02 -5.92902885e+01 -4.35502318e-02 2.41186112e-01 9.69501231e-01 5.48357455e+02</data></CameraMatrix><Intrinsics type_id="opencv-matrix"> <rows>3</rows> <cols>3</cols> <dt>d</dt> <data>650.5412520532576 0. 370.943244646571 0. 644.9713621128435 236.6186674331771 0. 0. 1.</data></Intrinsics><Distortion type_id="opencv-matrix"> <rows>14</rows> <cols>1</cols> <dt>d</dt> <data>  3.2205639601398581e+00 -2.6952501059744314e+01  2.2555381133238911e-01 -3.5677272878225319e-01  4.6332340334263813e+02 -2.6218173008759575e+00  4.2700250736507328e+01 -2.3093555636512786e+01 0. 0. 0. 0. 0. 0.</data></Distortion><CameraMatrixInitial type_id="opencv-matrix"> <rows>3</rows> <cols>4</cols> <dt>d</dt> <data>  1. 0. 0. 0. 0. 1. 0. 0. 0. 0. 1. 0.</data></CameraMatrixInitial></opencv_storage>