<?xml version="1.0"?>
<opencv_storage>
<CameraMatrix type_id="opencv-matrix">
  <rows>3</rows>
  <cols>4</cols>
  <dt>d</dt>
  <data>
0.0009638814806740591 0.0001202118516250197 -0.0002376585827241837 0.09118657712560361
 -0.0001327695638724207 0.0009904373339439537 -0.00003749840582105116 0.04579897557941555
 0.0002308781802655042 0.00006769784530453901 0.0009706246790693157 0.5488778854206663</data></CameraMatrix>
<Intrinsics type_id="opencv-matrix">
  <rows>3</rows>
  <cols>3</cols>
  <dt>d</dt>
  <data>
615.740791273537 0. 305.3071241559437 0. 
615.4662177834356 237.2548176976707 0. 0. 1.</data></Intrinsics>
<Distortion type_id="opencv-matrix">
  <rows>14</rows>
  <cols>1</cols>
  <dt>d</dt>
  <data>
0. 0. 0. 0. 0. 0. 0. 0. 0. 0. 0. 0. 0. 0.
</data></Distortion>
</opencv_storage>
