<?xml version="1.0"?>
<opencv_storage>
<CameraMatrix type_id="opencv-matrix">
  <rows>3</rows>
  <cols>4</cols>
  <dt>d</dt>
  <data>
    1. 0. 0. 0. 0. 1. 0. 0. 0. 0. 1. 0.</data></CameraMatrix>
<Intrinsics type_id="opencv-matrix">
  <rows>3</rows>
  <cols>3</cols>
  <dt>d</dt>
  <data>
    6.1285879041563635e+02 0. 3.3030900387435037e+02 0.
    6.1312107568340832e+02 2.4896730407577914e+02 0. 0. 1.</data></Intrinsics>
<Distortion type_id="opencv-matrix">
  <rows>14</rows>
  <cols>1</cols>
  <dt>d</dt>
  <data>
    -1.1385512422847833e+01 1.7500547760727147e+02
    1.8154304563756936e-03 -7.7632029589996647e-04
    -9.8737451440215125e+01 -1.1344563229017444e+01
    1.7444941379210098e+02 -8.4600515741185930e+01 0. 0. 0. 0. 0. 0.</data></Distortion>
<CameraMatrixInitial type_id="opencv-matrix">
  <rows>3</rows>
  <cols>4</cols>
  <dt>d</dt>
  <data>
    1. 0. 0. 0. 0. 1. 0. 0. 0. 0. 1. 0.</data></CameraMatrixInitial>
</opencv_storage>
