<?xml version="1.0"?>
<opencv_storage>
<CameraMatrix type_id="opencv-matrix">
  <rows>3</rows>
  <cols>4</cols>
  <dt>d</dt>
  <data>
0.0007400337416568523 -0.00005963338830375207 -0.0006699208312993209 0.1892310765773392
0.0000353832642293887 0.0009981340905859314 -0.00004976305680591771 -0.01617492561731608
0.0006716383594032077 0.00001312235533773018 0.0007407629296668118 0.5036664346022463 </data></CameraMatrix>
<Intrinsics type_id="opencv-matrix">
  <rows>3</rows>
  <cols>3</cols>
  <dt>d</dt>
  <data>
    6.2836747314217291e+02 0. 3.0229089795299785e+02 0.
    6.2912181784987831e+02 2.4310266646397474e+02 0. 0. 1.</data></Intrinsics>
<Distortion type_id="opencv-matrix">
  <rows>14</rows>
  <cols>1</cols>
  <dt>d</dt>
  <data>
    2.2870840592350081e+01 1.3563766849820305e+00
    -4.7601248518079047e-03 -7.4633924989949644e-03
    -1.4636601750996084e+02 2.2755896206805328e+01
    6.7355441355211898e+00 -1.5887028203915861e+02 0. 0. 0. 0. 0. 0.</data></Distortion>
<CameraMatrixInitial type_id="opencv-matrix">
  <rows>3</rows>
  <cols>4</cols>
  <dt>d</dt>
  <data>
    1. 0. 0. 0. 0. 1. 0. 0. 0. 0. 1. 0.</data></CameraMatrixInitial>
</opencv_storage>
