<?xml version="1.0"?>
<opencv_storage>
<CameraMatrix type_id="opencv-matrix">
  <rows>3</rows>
  <cols>4</cols>
  <dt>d</dt>
  <data>
2.11343744e-01 -8.55852741e-01 -4.72069813e-01 1.03552166e+02
9.57129252e-01 8.33374127e-02 2.77413897e-01 -5.65494836e+01
-1.98084367e-01 -5.10461519e-01 8.36774534e-01 6.27454083e+02</data></CameraMatrix>
<Intrinsics type_id="opencv-matrix">
  <rows>3</rows>
  <cols>3</cols>
  <dt>d</dt>
  <data>
    6.2836747314217291e+02 0. 3.0229089795299785e+02 0.
    6.2912181784987831e+02 2.4310266646397474e+02 0. 0. 1.</data></Intrinsics>
<Distortion type_id="opencv-matrix">
  <rows>14</rows>
  <cols>1</cols>
  <dt>d</dt>
  <data>
    2.2870840592350081e+01 1.3563766849820305e+00
    -4.7601248518079047e-03 -7.4633924989949644e-03
    -1.4636601750996084e+02 2.2755896206805328e+01
    6.7355441355211898e+00 -1.5887028203915861e+02 0. 0. 0. 0. 0. 0.</data></Distortion>
<CameraMatrixInitial type_id="opencv-matrix">
  <rows>3</rows>
  <cols>4</cols>
  <dt>d</dt>
  <data>
    1. 0. 0. 0. 0. 1. 0. 0. 0. 0. 1. 0.</data></CameraMatrixInitial>
</opencv_storage>
