<?xml version="1.0"?>
<opencv_storage>
<CameraMatrix type_id="opencv-matrix">
  <rows>3</rows>
  <cols>4</cols>
  <dt>d</dt>
  <data>
1.49024363e-01 6.92180178e-01 7.06171608e-01 -2.51693076e+01
-9.80853675e-01 1.29306858e-02 1.94316406e-01 9.93886819e+01
1.25370682e-01 -7.21608896e-01 6.80854459e-01 6.39014745e+02</data></CameraMatrix>
<Intrinsics type_id="opencv-matrix">
  <rows>3</rows>
  <cols>3</cols>
  <dt>d</dt>
  <data>
650.5412520532576 0. 370.943244646571 0. 
644.9713621128435 236.6186674331771 0. 0. 1.</data></Intrinsics>
<Distortion type_id="opencv-matrix">
  <rows>14</rows>
  <cols>1</cols>
  <dt>d</dt>
  <data>
    3.2205639601398581e+00 -2.6952501059744314e+01
    2.2555381133238911e-01 -3.5677272878225319e-01
    4.6332340334263813e+02 -2.6218173008759575e+00
    4.2700250736507328e+01 -2.3093555636512786e+01 0. 0. 0. 0. 0. 0.</data></Distortion>
<CameraMatrixInitial type_id="opencv-matrix">
  <rows>3</rows>
  <cols>4</cols>
  <dt>d</dt>
  <data>
    1. 0. 0. 0. 0. 1. 0. 0. 0. 0. 1. 0.</data></CameraMatrixInitial>
</opencv_storage>
