<?xml version="1.0"?>
<opencv_storage>
<CameraMatrix type_id="opencv-matrix">
  <rows>3</rows>
  <cols>4</cols>
  <dt>d</dt>
  <data>
    1. 0. 0. 0. 0. 1. 0. 0. 0. 0. 1. 0.</data></CameraMatrix>
<Intrinsics type_id="opencv-matrix">
  <rows>3</rows>
  <cols>3</cols>
  <dt>d</dt>
  <data>
    2.4716130696566747e+03 0. 6.7023473048378594e+02 0.
    1.1370132339586989e+03 3.6748848502064726e+02 0. 0. 1.</data></Intrinsics>
<Distortion type_id="opencv-matrix">
  <rows>14</rows>
  <cols>1</cols>
  <dt>d</dt>
  <data>
    3.2205639601398581e+00 -2.6952501059744314e+01
    2.2555381133238911e-01 -3.5677272878225319e-01
    4.6332340334263813e+02 -2.6218173008759575e+00
    4.2700250736507328e+01 -2.3093555636512786e+01 0. 0. 0. 0. 0. 0.</data></Distortion>
<CameraMatrixInitial type_id="opencv-matrix">
  <rows>3</rows>
  <cols>4</cols>
  <dt>d</dt>
  <data>
    1. 0. 0. 0. 0. 1. 0. 0. 0. 0. 1. 0.</data></CameraMatrixInitial>
</opencv_storage>
