<?xml version="1.0"?>
<opencv_storage>
<CameraMatrix type_id="opencv-matrix">
  <rows>3</rows>
  <cols>4</cols>
  <dt>d</dt>
  <data>
    1. 0. 0. 0. 0. 1. 0. 0. 0. 0. 1. 0.</data></CameraMatrix>
<Intrinsics type_id="opencv-matrix">
  <rows>3</rows>
  <cols>3</cols>
  <dt>d</dt>
  <data>
    1.7672693978748318e+03 0. 6.0813091316248733e+02 0.
    8.9509119027658494e+02 3.4219970223713580e+02 0. 0. 1.</data></Intrinsics>
<Distortion type_id="opencv-matrix">
  <rows>14</rows>
  <cols>1</cols>
  <dt>d</dt>
  <data>
    -1.4241233056898378e-01 4.7837954641754408e+01
    -6.4549142045878471e-02 -3.7695711130564019e-01
    2.8077022932425706e+00 5.8886835088048450e-01
    -1.1565611103507116e+01 7.2554306035438549e+02 0. 0. 0. 0. 0. 0.</data></Distortion>
<CameraMatrixInitial type_id="opencv-matrix">
  <rows>3</rows>
  <cols>4</cols>
  <dt>d</dt>
  <data>
    1. 0. 0. 0. 0. 1. 0. 0. 0. 0. 1. 0.</data></CameraMatrixInitial>
</opencv_storage>
