<?xml version="1.0"?>
<opencv_storage>
<CameraMatrix type_id="opencv-matrix">
  <rows>3</rows>
  <cols>4</cols>
  <dt>d</dt>
  <data>
  -1.94310861e-02 -9.99791258e-01 -6.31450608e-03 -9.57653233e+01
  9.98153614e-01 -1.90349587e-02 -5.76804449e-02  6.73940063e+01
  5.75482082e-02 -7.42364075e-03  9.98315127e-01  1.88587156e+02</data></CameraMatrix>
<Intrinsics type_id="opencv-matrix">
  <rows>3</rows>
  <cols>3</cols>
  <dt>d</dt>
  <data>
    1.2238766816223147e+03 0. 6.7658136155558111e+02 0.
    1.5523239976943912e+03 3.9717280214350939e+02 0. 0. 1.</data></Intrinsics>
<Distortion type_id="opencv-matrix">
  <rows>14</rows>
  <cols>1</cols>
  <dt>d</dt>
  <data>
    1.3525859672088196e+00 -3.6612707625525644e+01
    -1.4826030904542353e-01 -7.1110543227356406e-03
    6.0699693284491389e+02 -1.1621140342683012e+00
    4.9485951620548661e+01 1.0589608175174686e+02 0. 0. 0. 0. 0. 0.</data></Distortion>
<CameraMatrixInitial type_id="opencv-matrix">
  <rows>3</rows>
  <cols>4</cols>
  <dt>d</dt>
  <data>
    1. 0. 0. 0. 0. 1. 0. 0. 0. 0. 1. 0.</data></CameraMatrixInitial>
</opencv_storage>
