<?xml version="1.0"?>
<opencv_storage>
<CameraMatrix type_id="opencv-matrix">
  <rows>3</rows>
  <cols>4</cols>
  <dt>d</dt>
  <data>
-2.25263708e-02  9.96298171e-01 -8.29609332e-02  1.89379410e+02
 -9.98843753e-01 -2.59535706e-02 -4.04668816e-02  1.70402119e+02
 -4.24702126e-02  8.19534379e-02  9.95730845e-01  2.54039477e+02</data></CameraMatrix>
<Intrinsics type_id="opencv-matrix">
  <rows>3</rows>
  <cols>3</cols>
  <dt>d</dt>
  <data>
615.740791273537 0. 305.3071241559437 0. 
615.4662177834356 237.2548176976707 0. 0. 1.</data></Intrinsics>
<Distortion type_id="opencv-matrix">
  <rows>14</rows>
  <cols>1</cols>
  <dt>d</dt>
  <data>
    1.3525859672088196e+00 -3.6612707625525644e+01
    -1.4826030904542353e-01 -7.1110543227356406e-03
    6.0699693284491389e+02 -1.1621140342683012e+00
    4.9485951620548661e+01 1.0589608175174686e+02 0. 0. 0. 0. 0. 0.</data></Distortion>
<CameraMatrixInitial type_id="opencv-matrix">
  <rows>3</rows>
  <cols>4</cols>
  <dt>d</dt>
  <data>
    1. 0. 0. 0. 0. 1. 0. 0. 0. 0. 1. 0.</data></CameraMatrixInitial>
</opencv_storage>
