<?xml version="1.0"?>
<opencv_storage>
<CameraMatrix type_id="opencv-matrix">
  <rows>3</rows>
  <cols>4</cols>
  <dt>d</dt>
  <data>
 9.09177814e-01 -4.95260482e-02  4.13452382e-01  1.34079091e+02
 -6.18037207e-03  9.91187576e-01  1.32321552e-01 -5.59438062e+00
 -4.16362228e-01 -1.22859109e-01  9.00859664e-01  6.04387782e+02</data></CameraMatrix>
<Intrinsics type_id="opencv-matrix">
  <rows>3</rows>
  <cols>3</cols>
  <dt>d</dt>
  <data>
    6.2836747314217291e+02 0. 3.0229089795299785e+02 0.
    6.2912181784987831e+02 2.4310266646397474e+02 0. 0. 1.</data></Intrinsics>
<Distortion type_id="opencv-matrix">
  <rows>14</rows>
  <cols>1</cols>
  <dt>d</dt>
  <data>
    2.2870840592350081e+01 1.3563766849820305e+00
    -4.7601248518079047e-03 -7.4633924989949644e-03
    -1.4636601750996084e+02 2.2755896206805328e+01
    6.7355441355211898e+00 -1.5887028203915861e+02 0. 0. 0. 0. 0. 0.</data></Distortion>
<CameraMatrixInitial type_id="opencv-matrix">
  <rows>3</rows>
  <cols>4</cols>
  <dt>d</dt>
  <data>
    1. 0. 0. 0. 0. 1. 0. 0. 0. 0. 1. 0.</data></CameraMatrixInitial>
</opencv_storage>
